5 5 5 5 5 5 5 5 5 5 5 5 5 5 5 5 5 5 5 5 5 5 5 5 5       4 4 4 4       4 4 4 4 4 4       4 4 4 4 4 4 
5 5 5 5 5 5 5 5 5 5 5 5 5 5 5 5 5 5 5 5 5 5 5 5 5 5     4 4 4 4       4 4 4 4 4 4       4 4 4 4 4 4 
5 5 5 5 5 5 5 5 5 5 5 5 5 5 5 5 5 5 5 5 5 5 5 5 5 5   4 4 4 4       4 4 4 4 4 4       4 4 4 4 4 4 4 
5 5 5 5 5 5 5 5 5 5 5 5 5 5 5 5 5 5 5 5 5 5 5 5 5 5   4 4 4 4       4 4 4 4 4 4       4 4 4 4 4 4 4 
5 5 5 5 5 5 5 5 5 5 5 5 5 5 5 5 5 5 5 5 5 5 5 5 5 5 4 4 4 4       4 4 4 4 4 4       4 4 4 4 4 4 4 4 
5 5 5 5 5 5 5 5 5 5 5 5 5 5 5 5 5 5 5 5 5 5 5 5 5   4 4 4 4       4 4 4 4 4 4       4 4 4 4 4 4 4 4 
5 5 5 5 5 5 5 5 5 5 5 5 5 5 5 5 5 5 5 5 5 5 5 5 5 2 4 4 4 4       4 4 4 4 4 4       4 4 4 4 4 4 4 4 
5 5 5 5 5 5 5 5 5 5 5 5 5 5 5 5 5 5 5 5 5 5 5 5 2 2 2 4 4       4 4 4 4 4 4       4 4 4 4 4 4 4 4 4 
5 5 5 5 5 5 5 5 5 5 5 5 5 5 5 5 5 5 5 5 5 5 5 2 2 2 2 4 4       4 4 4 4 4 4       4 4 4 4 4 4 4 4 4 
5 5 5 5 5 5 5 5 5 5 5 5 5 5 5 5 5 5 5 5 5 5     2 2 2 2 2     4 4 4 4 4 4       4 4 4 4 4 4 4 4 4 4 
5 5 5 5 5 5 5 5 5 5 5 5 5 5 5 5 5 5 5     2       2 2 2 2     4 4 4 4 4 4       4 4 4 4 4 4 4 4 4 4 
                                        2 2       2 2 2 2 2   4 4 4 4 4 4       4 4 4 4 4 4 4 4 4 4 
                                      2 2 2 2       2 2 2 2 2   4 4 4 4       4 4 4 4 4 4 4 4 4 4 4 
                                    2 2 2 2 2 2       2 2 2 2 2   4 4 4       4 4 4 4 4 4 4 4 4 4 4 
5 5 5 5 5 5 5 5 5 5 5 5 5 5 5 5     2 2 2 2 2 2       2 2 2 2 2   4 4       4 4 4 4 4 4 4 4 4 4 4 4 
5 5 5 5 5 5 5 5 5 5 5 5 5 5 5 2       2 2 2 2 2 2       2 2 2 2 2   4       4 4 4 4 4 4 4 4 4 4 4 4 
                            2 2 2       2 2 2 2 2 2       2 2 2 2 2         4 4 4 4 4 4 4 4 4 4 4 4 
1   1 1   1             1 1 2 2 2       2 2 2 2 2 2       2 2 2 2 2       4 4 4 4 4 4 4 4 4 4 4 4 4 
1 1 1 1 1 1         1 1 1 1 2 2 2 2       2 2 2 2 2 2       2 2 2 2 2     4 4 4 4 4 4 4 4 4 4 4 4 4 
1 1 1 1 1 1         1 1 1 2 2 2 2 2 2       2 2 2 2 2 2       2 2 2 2 2 4 4 4 4 4 4 4 4 4 4 4 4 4 4 
1 1 1 1 1 1         1 1 1 1 2 2 2 2 2       2 2 2 2 2 2       2 2 2 2 2 4 4 4 4 4 4 4 4 4 4 4 4 4 4 
1 1 1 1 1         1 1 1 1     2 2 2 2 2       2 2 2 2 2 2       2 2 2 2 4 4 4 4 4 4 4 4 4 4 4 4 4 4 
1 1 1 1 1         1 1 1 1   2 2 2 2 2 2 2       2 2 2 2 2 2       2 2 2 4 4 4 4 4 4 4 4 4 4 4 4 4 4 
1 1 1 1 1         1 1 1 1   2 2 2 2 2 2 2       2 2 2 2 2 2       2 2 2 4 4 4 4 4 4 4 4 4 4 4 4 4 4 
1 1 1 1 1         1 1 1 1   8 2 2 2 2 2 2 2       2 2 2 2 2 2       2 2 2 4 4 4 4 4 4 4 4 4 4 4 4 4 
1 1 1 1 1         1 1 1 1   8 8 2 2 2 2 2 2 2       2 2 2 2 2 2       2 2 4 4 4 4 4 4 4 4 4 4 4 4 4 
1 1 1 1 1         1 1 1 1   8 8 8 2 2 2 2 2 2       2 2 2 2 2 2       2 2 2 4 4 4 4 4 4 4 4 4 4 4 4 
1 1 1 1         1 1 1 1     8 8 8 8 2 2 2 2 2 2       2 2 2 2 2 2       2 2 2   4 6 6 6 6 6 6 6 6 6 
1 1 1 1         1 1 1 1     8 8 8 8 8 8 2 2 2 2 2       2 2 2 2 2 2       2 2 6 6 6 6 6 6 6 6 6 6 6 
1 1 1 1         1 1 1 1     8 8 8 8 8 8 8 2 2 2 2       2 2 2 2 2 2       2 2 6 6 6 6 6 6 6 6 6 6 6 
1 1 1 1         1 1 1 1     8 8 8 8 8 8 8     2 2 2       8 2 8     2       6 6 6 6 6 6 6 6 6 6 6 6 
1 1 1 1         1 1 1 1     8 8 8 8 8 8 8       8       8 8 8 8       2 8   6 6 6 6 6 6 6 6 6 6 6 6 
1 1 1 1         1 1 1 1     8 8 8 8 8 8 8       8       8 8 8 8       8 8 8 6 6 6 6 6 6 6 6 6 6 6 6 
1 1 1 1         1 1 1 1     8 8 8 8 8 8 8       8       8 8 8 8       8 8 8 6 6 6 6 6 6 6 6 6 6 6 6 
1 1 1         1 1 1 1       8 8 8 8 8 8 8       8       8 8 8 8       8 8 8 6 6 6 6 6 6 6 6 6 6 6 6 
1 1 1         1 1 1 1       8 8 8 8 8 8 8       8       8 8 8 8       8 8 8 7 6 6 6 6 6 6 6 6 6 6 6 
1 1 1         1 1 1 1       8 8 8 8 8 8 8       8       8 8 8 8       8 8 7 7 6 6 6 6 6 6 6 6 6 6 6 
1 1 1         1 1 1 1       8 8 8 8 8 8 8 8       8       8 8 8 8       7 7 7 7 7 6 6 6 6 6 6 6   6 
1 1 1         1 1 1 1       8 8 8 8 8 8 8 8       8       8 8 8 8       7 7 7 7 7 7 7 7 7 7 6       
1 1 1         1 1 1 1       8 8 8 8 8 8 8 8       8       8 8 8 8       7 7 7 7 7 7 7 7 7 7       7 
1 1         1 1 1 1       1 8 8 8 8 8 8 8 8       8       8 8 8 8       7 7 7 7 7 7 7 7 7       7 7 
9 9 9   9 9 1 9 1 1       1 8 8 8 8 8 8 8 8       8       8 8 8 8 3 3 3   7 7 7 7 7 7 7         7   
9 9 9 9 9 9 9 9 9 9       1 8 8 8 8 8 8 8 8       8       8 3 3 3 3 3 3     7 7 7 7 7         7     
9 9 9 9 9 9 9 9 9 9         8 8 8 8 8 8 8 8       8           3 3 3 3 3 3     7 7 7 7       7       
9 9 9 9 9 9 9 9 9 9         8 8 8 8 8 8 8 8       8           3 3 3 3 3 3     7 7 7       7 7       
9 9 9 9 9 9 9 9 9 9         8 8 8 8 8 8 8 8 8       8 3 3       3 3 3 3 3 3 7 7 7       7 7       7 
9 9 9 9 9 9 9 9 9 9         8 8 8 8 8 8 8 8 8         3 3       3 3 3 3 3 3   7         7       7 7 
9 9 9 9 9 9 9 9 9 9         8 8 8 8 8 8 8 8 8         3 3       3 3 3 3 3 3           7         7 7 
9 9 9 9 9 9 9 9 9 9         8 8 8 8 8 8 8 8 8   3       3 3       3 3 3 3 3 3       7         7 7 7 
9 9 9 9 9 9 9 9 9 9         8 8 8 8 8 8 8 8 8 3 3       3 3       3 3 3 3 3 3     7 7       7 7 7 7 

5 5 5 5 5 5 5 5 5 5 5 5 5 5 5 5 5 5 5 5 5 5 5 5 5 5     4 4 4 4       4 4 4 4 4 4       4 4 4 4 4 4 
5 5 5 5 5 5 5 5 5 5 5 5 5 5 5 5 5 5 5 5 5 5 5 5 5       4 4 4 4       4 4 4 4 4 4       4 4 4 4 4 4 
5 5 5 5 5 5 5 5 5 5 5 5 5 5 5 5 5 5 5 5 5 5 5 5 5     4 4 4 4       4 4 4 4 4 4       4 4 4 4 4 4 4 
5 5 5 5 5 5 5 5 5 5 5 5 5 5 5 5 5 5 5 5 5 5 5 5 5 5   4 4 4 4       4 4 4 4 4 4       4 4 4 4 4 4 4 
5 5 5 5 5 5 5 5 5 5 5 5 5 5 5 5 5 5 5 5 5 5 5 5 5 5 4 4 4 4       4 4 4 4 4 4       4 4 4 4 4 4 4 4 
5 5 5 5 5 5 5 5 5 5 5 5 5 5 5 5 5 5 5 5 5 5 5 5 5   4 4 4 4       4 4 4 4 4 4       4 4 4 4 4 4 4 4 
5 5 5 5 5 5 5 5 5 5 5 5 5 5 5 5 5 5 5 5 5 5 5 5 5 2 4 4 4 4       4 4 4 4 4 4       4 4 4 4 4 4 4 4 
5 5 5 5 5 5 5 5 5 5 5 5 5 5 5 5 5 5 5 5 5 5 5 5 2 2 2 4 4       4 4 4 4 4 4       4 4 4 4 4 4 4 4 4 
5 5 5 5 5 5 5 5 5 5 5 5 5 5 5 5 5 5 5 5 5 5 5 2 2 2 2 2 4       4 4 4 4 4 4       4 4 4 4 4 4 4 4 4 
5 5 5 5 5 5 5 5 5 5 5 5 5 5 5 5 5 5 5 5 5 5     2 2 2 2 2     4 4 4 4 4 4       4 4 4 4 4 4 4 4 4 4 
5 5 5 5 5 5 5 5 5 5 5 5 5 5 5 5 5 5 5     2       2 2 2 2     4 4 4 4 4 4       4 4 4 4 4 4 4 4 4 4 
                                      2 2 2       2 2 2 2 2   4 4 4 4 4 4       4 4 4 4 4 4 4 4 4 4 
                                    2 2 2 2 2       2 2 2 2 2   4 4 4 4       4 4 4 4 4 4 4 4 4 4 4 
                                    2 2 2 2 2 2       2 2 2 2 2   4 4 4       4 4 4 4 4 4 4 4 4 4 4 
5 5 5 5 5 5 5 5 5 5 5 5 5 5 5 5 5   2 2 2 2 2 2       2 2 2 2 2     4       4 4 4 4 4 4 4 4 4 4 4 4 
5 5 5 5 5 5 5 5 5 5 5 5 5 5 2 2       2 2 2 2 2 2       2 2 2 2 2           4 4 4 4 4 4 4 4 4 4 4 4 
                            2 2 2       2 2 2 2 2 2       2 2 2 2 2         4 4 4 4 4 4 4 4 4 4 4 4 
1 1   1 1           1 1 1 2 2 2 2       2 2 2 2 2 2       2 2 2 2 2       4 4 4 4 4 4 4 4 4 4 4 4 4 
1 1 1 1 1 1         1 1 1 1 2 2 2 2       2 2 2 2 2 2       2 2 2 2 2     4 4 4 4 4 4 4 4 4 4 4 4 4 
1 1 1 1 1 1         1 1 1 1 2 2 2 2 2       2 2 2 2 2 2       2 2 2 2 2 4 4 4 4 4 4 4 4 4 4 4 4 4 4 
1 1 1 1 1 1         1 1 1 1 2 2 2 2 2       2 2 2 2 2 2       2 2 2 2 2 4 4 4 4 4 4 4 4 4 4 4 4 4 4 
1 1 1 1 1         1 1 1 1   2 2 2 2 2 2       2 2 2 2 2 2       2 2 2   4 4 4 4 4 4 4 4 4 4 4 4 4 4 
1 1 1 1 1         1 1 1 1   2 2 2 2 2 2 2       2 2 2 2 2 2       2 2 2 4 4 4 4 4 4 4 4 4 4 4 4 4 4 
1 1 1 1 1         1 1 1 1     2 2 2 2 2 2       2 2 2 2 2 2       2 2 2 4 4 4 4 4 4 4 4 4 4 4 4 4 4 
1 1 1 1 1         1 1 1 1     2 2 2 2 2 2 2       2 2 2 2 2 2       2 2 2 4 4 4 4 4 4 4 4 4 4 4 4 4 
1 1 1 1 1         1 1 1 1   8 8 2 2 2 2 2 2 2       2 2 2 2 2 2       2 2 2 4 4 4 4 4 4 4 4 4 4 4 4 
1 1 1 1 1         1 1 1 1   8 8 8 8 8 2 2 2 2       2 2 2 2 2 2       2 2 2 4 4 4 4 6 4 4 4 4 6 6 6 
1 1 1 1         1 1 1 1     8 8 8 8 8 2 2 2 2 2       2 2 2 2 2 2       2 2 2     6 6 6 6 6 6 6 6 6 
1 1 1 1         1 1 1 1     8 8 8 8 8 8 2 2 2 2 2       2 2 2 2 2 2       2 2 6 6 6 6 6 6 6 6 6 6 6 
1 1 1 1         1 1 1 1       8 8 8 8 8 8   2 2 2       2 2 2 2 2 2       2 2 6 6 6 6 6 6 6 6 6 6 6 
1 1 1 1         1 1 1 1     8 8 8 8 8 8 8       2         2 2 2   2 2       2 6 6 6 6 6 6 6 6 6 6 6 
1 1 1 1         1 1 1 1     8 8 8 8 8 8 8       8       8 8 8 8       2     6 6 6 6 6 6 6 6 6 6 6 6 
1 1 1 1         1 1 1 1     8 8 8 8 8 8 8       8       8 8 8 8       8 8     6 6 6 6 6 6 6 6 6 6 6 
1 1 1 1         1 1 1 1     8 8 8 8 8 8 8       8       8 8 8 8       8 8 8 8 6 6 6 6 6 6 6 6 6 6 6 
1 1 1         1 1 1 1       8 8 8 8 8 8 8       8       8 8 8 8       8 8 8 8 6 6 6 6 6 6 6 6 6 6 6 
1 1 1         1 1 1 1       8 8 8 8 8 8 8       8       8 8 8 8       8 8 8 6 6 6 6 6 6 6 6 6 6 6 6 
1 1 1         1 1 1 1       8 8 8 8 8 8 8       8       8 8 8 8       8 8 7 7 6 6 6 6 6 6 6 6 6 6 6 
1 1 1         1 1 1 1       8 8 8 8 8 8 8 8       8       8 8 8 8       8 7 7 7 6 6 6 6 6 6 6 6 6 6 
1 1 1         1 1 1 1       8 8 8 8 8 8 8 8       8       8 8 8 8       7 7 7 7 7 6 7 6 6 6 6   6 6 
1 1 1         1 1 1 1       8 8 8 8 8 8 8 8       8       8 8 8 8       7 7 7 7 7 7 7 7 7 7     7   
1 1         1 1 1 1       1 8 8 8 8 8 8 8 8       8       8 8 8 8     3   7 7 7 7 7 7 7 7           
1 1   9   9 1 9 1 1         8 8 8 8 8 8 8 8       8       8 8 8 8     3     7 7 7 7 7 7             
9 9 9 9 9 9 9 9 9 9         8 8 8 8 8 8 8 8       8       8 8 3 8 3 3 3     7 7 7 7 7       7       
9 9 9 9 9 9 9 9 9 9         8 8 8 8 8 8 8 8       8       8   3 3 3 3 3 3     7 7 7 7     7         
9 9 9 9 9 9 9 9 9 9         8 8 8 8 8 8 8 8       8           3 3 3 3 3 3   7 7 7 7     7         7 
9 9 9 9 9 9 9 9 9 9         8 8 8 8 8 8 8 8 8         3 3       3 3 3 3 3 3   7 7               7   
9 9 9 9 9 9 9 9 9 9         8 8 8 8 8 8 8 8 8         3 3       3 3 3 3 3 3   7                     
9 9 9 9 9 9 9 9 9 9         8 8 8 8 8 8 8 8 8         3 3       3 3 3 3 3 3         7               
9 9 9 9 9 9 9 9 9 9         8 8 8 8 8 8 8 8 8 3 3       3 3       3 3 3 3 3 3     7         7     7 
9 9 9 9 9 9 9 9 9 9         8 8 8 8 8 8 8 8 3 3 3       3 3       3 3 3 3 3 3             7     7 7 

5 5 5 5 5 5 5 5 5 5 5 5 5 5 5 5 5 5 5 5 5 5 5 5 5 5     4 4 4 4       4 4 4 4 4 4       4 4 4 4 4 4 
5 5 5 5 5 5 5 5 5 5 5 5 5 5 5 5 5 5 5 5 5 5 5 5 5 5     4 4 4 4       4 4 4 4 4 4       4 4 4 4 4 4 
5 5 5 5 5 5 5 5 5 5 5 5 5 5 5 5 5 5 5 5 5 5 5 5 5 5   4 4 4 4       4 4 4 4 4 4       4 4 4 4 4 4 4 
5 5 5 5 5 5 5 5 5 5 5 5 5 5 5 5 5 5 5 5 5 5 5 5 5 5   4 4 4 4       4 4 4 4 4 4       4 4 4 4 4 4 4 
5 5 5 5 5 5 5 5 5 5 5 5 5 5 5 5 5 5 5 5 5 5 5 5 5 5 4 4 4 4       4 4 4 4 4 4       4 4 4 4 4 4 4 4 
5 5 5 5 5 5 5 5 5 5 5 5 5 5 5 5 5 5 5 5 5 5 5 5 5   4 4 4 4       4 4 4 4 4 4       4 4 4 4 4 4 4 4 
5 5 5 5 5 5 5 5 5 5 5 5 5 5 5 5 5 5 5 5 5 5 5 5 5 2 4 4 4 4       4 4 4 4 4 4       4 4 4 4 4 4 4 4 
5 5 5 5 5 5 5 5 5 5 5 5 5 5 5 5 5 5 5 5 5 5 5 2 5 2 4 4 4       4 4 4 4 4 4       4 4 4 4 4 4 4 4 4 
5 5 5 5 5 5 5 5 5 5 5 5 5 5 5 5 5 5 5 5 5 5 5 2 2 2 2 4 4       4 4 4 4 4 4       4 4 4 4 4 4 4 4 4 
5 5 5 5 5 5 5 5 5 5 5 5 5 5 5 5 5 5 5 5 5 5 5   2 2 2 2 2     4 4 4 4 4 4       4 4 4 4 4 4 4 4 4 4 
5 5 5 5 5 5 5 5 5 5 5 5 5 5 5 5 5 5 5     2       2 2 2 2     4 4 4 4 4 4       4 4 4 4 4 4 4 4 4 4 
                                          2       2 2 2 2 2   4 4 4 4 4 4       4 4 4 4 4 4 4 4 4 4 
                                    2 2 2 2 2       2 2 2 2 2 4 4 4 4 4       4 4 4 4 4 4 4 4 4 4 4 
                                    2 2 2 2 2 2       2 2 2 2 2   4 4 4       4 4 4 4 4 4 4 4 4 4 4 
5 5 5 5 5 5 5 5 5 5 5 5 5 5 5 5     2 2 2 2 2 2       2 2 2 2 2     4       4 4 4 4 4 4 4 4 4 4 4 4 
5 5 5 5 5 5 5 5 5 5 5 5 5 5 2 2       2 2 2 2 2 2       2 2 2 2 2           4 4 4 4 4 4 4 4 4 4 4 4 
                          2 2 2 2       2 2 2 2 2 2       2 2 2 2 2         4 4 4 4 4 4 4 4 4 4 4 4 
      1 1 1               2 2 2 2       2 2 2 2 2 2       2 2 2 2 2       4 4 4 4 4 4 4 4 4 4 4 4 4 
1 1 1 1 1 1         1 1 1 1 2 2 2 2       2 2 2 2 2 2       2 2 2 2 2     4 4 4 4 4 4 4 4 4 4 4 4 4 
1 1 1 1 1 1         1 1 1 1 2 2 2 2 2       2 2 2 2 2 2       2 2 2 2 2 4 4 4 4 4 4 4 4 4 4 4 4 4 4 
1 1 1 1 1 1         1 1 1 2 2 2 2 2 2       2 2 2 2 2 2       2 2 2 2 2 4 4 4 4 4 4 4 4 4 4 4 4 4 4 
1 1 1 1 1         1 1 1 1   2 2 2 2 2 2       2 2 2 2 2 2       2 2 2 2 4 4 4 4 4 4 4 4 4 4 4 4 4 4 
1 1 1 1 1         1 1 1 1   2 2 2 2 2 2 2       2 2 2 2 2 2       2 2 2 4 4 4 4 4 4 4 4 4 4 4 4 4 4 
1 1 1 1 1         1 1 1 1     2 2 2 2 2 2       2 2 2 2 2 2       2 2 2 4 4 4 4 4 4 4 4 4 4 4 4 4 4 
1 1 1 1 1         1 1 1 1   2 2 2 2 2 2 2 2       2 2 2 2 2 2       2 2 2 4 4 4 4 4 4 4 4 4 4 4 4 4 
1 1 1 1 1         1 1 1 1   8 8 8 2 2 2 2 2 2       2 2 2 2 2 2       2 2 4 4 4 4 4 4 4 4 4 4 4 4 4 
1 1 1 1 1         1 1 1 1   8 8 8 8 2 2 2 2 2       2 2 2 2 2 2       2 2 4 4 4 4 4 4 4 4 4 6 4 4 4 
1 1 1 1         1 1 1 1     8 8 8 8 8 2 2 2 2 2       2 2 2 2 2 2       2 2 4 4   6 6 6 6 6 6 6 6 6 
1 1 1 1         1 1 1 1     8 8 8 8 8 8 2 2 2 2 2       2 2 2 2 2 2       2 2 6 6 6 6 6 6 6 6 6 6 6 
1 1 1 1         1 1 1 1     8 8 8 8 8 8 8 2 2 2 2       2 2 2 2 2 2       2 2 6 6 6 6 6 6 6 6 6 6 6 
1 1 1 1         1 1 1 1     8 8 8 8 8 8 8       2         2 2 2 2 2 2       2 6 6 6 6 6 6 6 6 6 6 6 
1 1 1 1         1 1 1 1     8 8 8 8 8 8 8       8       8 8 8 8     2 8       6 6 6 6 6 6 6 6 6 6 6 
1 1 1 1         1 1 1 1       8 8 8 8 8 8       8       8 8 8 8       8 8 8   6 6 6 6 6 6 6 6 6 6 6 
1 1 1 1         1 1 1 1     8 8 8 8 8 8 8       8       8 8 8 8       8 8 8 8 6 6 6 6 6 6 6 6 6 6 6 
1 1 1         1 1 1 1       8 8 8 8 8 8 8       8       8 8 8 8       8 8 8 6 6 6 6 6 6 6 6 6 6 6 6 
1 1 1         1 1 1 1       8 8 8 8 8 8 8       8       8 8 8 8       8 8 8 6 6 6 6 6 6 6 6 6 6 6 6 
1 1 1         1 1 1 1       8 8 8 8 8 8 8       8       8 8 8 8       8 8 8 7 7 6 6 6 6 6 6 6 6 6 6 
1 1 1         1 1 1 1       8 8 8 8 8 8 8 8       8       8 8 8 8       7 7 7 7 6 6 6 6 6 6 6 6 6 6 
1 1 1         1 1 1 1       8 8 8 8 8 8 8 8       8       8 8 8 8       8 7 7 7 7 7 6 6 6 6 6 6 6 6 
1 1 1         1 1 1 1       8 8 8 8 8 8 8 8       8       8 8 8 8       7 7 7 7 7 7 7 7 7 6 6   6 6 
1 1         1 1 1 1       1 8 8 8 8 8 8 8 8       8       8 8 8 8     3 7 7 7 7 7 7 7 7 7       7 6 
1 1   9 9 9 1 9 9 9       1 8 8 8 8 8 8 8 8       8       8 8 8 8   3 3   7 7 7 7 7 7 7       7 7   
9 9 9 9 9 9 9 9 9 9         8 8 8 8 8 8 8 8       8       8 8 3 3 3 3 3     7 7 7 7 7       7 7     
9 9 9 9 9 9 9 9 9 9         8 8 8 8 8 8 8 8       8           3 3 3 3 3 3   7 7 7 7 7     7 7       
9 9 9 9 9 9 9 9 9 9         8 8 8 8 8 8 8 8       8           3 3 3 3 3 3     7 7 7     7 7 7       
9 9 9 9 9 9 9 9 9 9         8 8 8 8 8 8 8 8 8       8 3 3       3 3 3 3 3 3   7 7       7 7       7 
9 9 9 9 9 9 9 9 9 9         8 8 8 8 8 8 8 8 8         3 3       3 3 3 3 3 3           7 7       7 7 
9 9 9 9 9 9 9 9 9 9         8 8 8 8 8 8 8 8 8         3 3       3 3 3 3 3 3         7 7         7 7 
9 9 9 9 9 9 9 9 9 9         8 8 8 8 8 8 8 8 8 3 3       3 3       3 3 3 3 3 3     7 7         7 7   
9 9 9 9 9 9 9 9 9 9           8 8 8 8 8 8 8 3 3 3       3 3       3 3 3 3 3 3     7 7       7 7     

5 5 5 5 5 5 5 5 5 5 5 5 5 5 5 5 5 5 5 5 5 5 5 5 5       4 4 4 4       4 4 4 4 4 4       4 4 4 4 4 4 
5 5 5 5 5 5 5 5 5 5 5 5 5 5 5 5 5 5 5 5 5 5 5 5 5 5     4 4 4 4       4 4 4 4 4 4       4 4 4 4 4 4 
5 5 5 5 5 5 5 5 5 5 5 5 5 5 5 5 5 5 5 5 5 5 5 5 5     4 4 4 4       4 4 4 4 4 4       4 4 4 4 4 4 4 
5 5 5 5 5 5 5 5 5 5 5 5 5 5 5 5 5 5 5 5 5 5 5 5 5 5   4 4 4 4       4 4 4 4 4 4       4 4 4 4 4 4 4 
5 5 5 5 5 5 5 5 5 5 5 5 5 5 5 5 5 5 5 5 5 5 5 5 5   4 4 4 4       4 4 4 4 4 4       4 4 4 4 4 4 4 4 
5 5 5 5 5 5 5 5 5 5 5 5 5 5 5 5 5 5 5 5 5 5 5 5 5   4 4 4 4       4 4 4 4 4 4       4 4 4 4 4 4 4 4 
5 5 5 5 5 5 5 5 5 5 5 5 5 5 5 5 5 5 5 5 5 5 5 5 5   4 4 4 4       4 4 4 4 4 4       4 4 4 4 4 4 4 4 
5 5 5 5 5 5 5 5 5 5 5 5 5 5 5 5 5 5 5 5 5 5 5 5 2 2 4 4 4       4 4 4 4 4 4       4 4 4 4 4 4 4 4 4 
5 5 5 5 5 5 5 5 5 5 5 5 5 5 5 5 5 5 5 5 5 5 5 5 2 2 2 4 4       4 4 4 4 4 4       4 4 4 4 4 4 4 4 4 
5 5 5 5 5 5 5 5 5 5 5 5 5 5 5 5 5 5 5 5 5 5     2 2 2 2 2     4 4 4 4 4 4       4 4 4 4 4 4 4 4 4 4 
5 5 5 5 5 5 5 5 5 5 5 5 5 5 5 5 5 5 5     2       2 2 2 2     4 4 4 4 4 4       4 4 4 4 4 4 4 4 4 4 
                                      2 2 2       2 2 2 2 2   4 4 4 4 4 4       4 4 4 4 4 4 4 4 4 4 
                                      2 2 2 2       2 2 2 2 2   4 4 4 4       4 4 4 4 4 4 4 4 4 4 4 
                                    2 2 2 2 2 2       2 2 2 2 2   4 4 4       4 4 4 4 4 4 4 4 4 4 4 
5 5 5 5 5 5 5 5 5 5 5 5 5 5 5       2 2 2 2 2 2       2 2 2 2 2     4       4 4 4 4 4 4 4 4 4 4 4 4 
5 5 5 5 5 5 5 5 5 5 5 5 5 2 5 2       2 2 2 2 2 2       2 2 2 2 2           4 4 4 4 4 4 4 4 4 4 4 4 
                          2 2 2 2       2 2 2 2 2 2       2 2 2 2 2         4 4 4 4 4 4 4 4 4 4 4 4 
1   1 1   1             1 2 2 2 2       2 2 2 2 2 2       2 2 2 2 2       4 4 4 4 4 4 4 4 4 4 4 4 4 
1 1 1 1 1 1         1 1 1 2 2 2 2 2       2 2 2 2 2 2       2 2 2 2 2     4 4 4 4 4 4 4 4 4 4 4 4 4 
1 1 1 1 1 1         1 1 1 1 2 2 2 2 2       2 2 2 2 2 2       2 2 2 2 2 4 4 4 4 4 4 4 4 4 4 4 4 4 4 
1 1 1 1 1 1         1 1 1 1 2 2 2 2 2       2 2 2 2 2 2       2 2 2 2 2 4 4 4 4 4 4 4 4 4 4 4 4 4 4 
1 1 1 1 1         1 1 1 1   2 2 2 2 2 2       2 2 2 2 2 2       2 2 2   4 4 4 4 4 4 4 4 4 4 4 4 4 4 
1 1 1 1 1         1 1 1 1   2 2 2 2 2 2 2       2 2 2 2 2 2       2 2 2 4 4 4 4 4 4 4 4 4 4 4 4 4 4 
1 1 1 1 1         1 1 1 1   2 2 2 2 2 2 2       2 2 2 2 2 2       2 2 2 4 4 4 4 4 4 4 4 4 4 4 4 4 4 
1 1 1 1 1         1 1 1 1   8 2 2 2 2 2 2 2       2 2 2 2 2 2       2 2 2 4 4 4 4 4 4 4 4 4 4 4 4 4 
1 1 1 1 1         1 1 1 1   8 8 8 2 2 2 2 2 2       2 2 2 2 2 2       2 2 4 4 4 4 4 4 4 4 4 4 4 4 4 
1 1 1 1 1         1 1 1 1   8 8 8 2 2 2 2 2 2       2 2 2 2 2 2       2 2 2 4 4 4 4 4 4 4 6 6 6 6 4 
1 1 1 1         1 1 1 1     8 8 8 8 8 2 2 2 2 2       2 2 2 2 2 2       2 2 2 4 4 6 6 6 6 6 6 6 6 6 
1 1 1 1         1 1 1 1     8 8 8 8 8 2 2 2 2 2 2       2 2 2 2 2 2       2 2 6 6 6 6 6 6 6 6 6 6 6 
1 1 1 1         1 1 1 1     8 8 8 8 8 8 2 2 2 2 2       2 2 2 2 2 2       2 2 6 6 6 6 6 6 6 6 6 6 6 
1 1 1 1         1 1 1 1     8 8 8 8 8 8 8   2 2 8         2 2 2   2         2 6 6 6 6 6 6 6 6 6 6 6 
1 1 1 1         1 1 1 1     8 8 8 8 8 8 8       8       8 8 8 8       8 8     6 6 6 6 6 6 6 6 6 6 6 
1 1 1 1         1 1 1 1     8 8 8 8 8 8 8       8       8 8 8 8       8 8   6 6 6 6 6 6 6 6 6 6 6 6 
1 1 1 1         1 1 1 1     8 8 8 8 8 8 8       8       8 8 8 8       8 8 8 6 6 6 6 6 6 6 6 6 6 6 6 
1 1 1         1 1 1 1       8 8 8 8 8 8 8       8       8 8 8 8       8 8 8 6 6 6 6 6 6 6 6 6 6 6 6 
1 1 1         1 1 1 1       8 8 8 8 8 8 8       8       8 8 8 8       8 8 8 6 6 6 6 6 6 6 6 6 6 6 6 
1 1 1         1 1 1 1       8 8 8 8 8 8 8       8       8 8 8 8       8 8 7 7 6 6 6 6 6 6 6 6 6 6 6 
1 1 1         1 1 1 1       8 8 8 8 8 8 8 8       8       8 8 8 8       8 7 7 7 6 6 6 6 6 6 6 6 6 6 
1 1 1         1 1 1 1       8 8 8 8 8 8 8 8       8       8 8 8 8       7 7 7 7 7 6 6 6 6 6 6 6 6 6 
1 1 1         1 1 1 1       8 8 8 8 8 8 8 8       8       8 8 8 8       7 7 7 7 7 7 6 6 6 7 6 6 6 6 
1 1         1 1 9 1       1 8 8 8 8 8 8 8 8       8       8 8 8 8       7 7 7 7 7 7 7 7 7       6 6 
1 1     9 9 9 9 9 9         8 8 8 8 8 8 8 8       8       8 8 8 8   3 3   7 7 7 7 7 7 7       7 7   
9 9 9 9 9 9 9 9 9 9         8 8 8 8 8 8 8 8       8       8 8 8 8   3 3     7 7 7 7 7       7 7     
9 9 9 9 9 9 9 9 9 9         8 8 8 8 8 8 8 8       8           3 3 3 3 3 3     7 7 7 7     7 7       
9 9 9 9 9 9 9 9 9 9         8 8 8 8 8 8 8 8       8           3 3 3 3 3 3     7 7 7     7 7 7     7 
9 9 9 9 9 9 9 9 9 9         8 8 8 8 8 8 8 8 8       8 3 3       3 3 3 3 3 3     7       7 7     7   
9 9 9 9 9 9 9 9 9 9         8 8 8 8 8 8 8 8 8         3 3       3 3 3 3 3 3   7       7 7           
9 9 9 9 9 9 9 9 9 9         8 8 8 8 8 8 8 8 8         3 3       3 3 3 3 3 3         7 7             
9 9 9 9 9 9 9 9 9 9         8 8 8 8 8 8 8 8 8 3 3       3 3       3 3 3 3 3 3     7 7       7     7 
9 9 9 9 9 9 9 9 9 9         8 8 8 8 8 8 8 8 8 3 3       3 3       3 3 3 3 3 3     7 7     7     7 7 

5 5 5 5 5 5 5 5 5 5 5 5 5 5 5 5 5 5 5 5 5 5 5 5 5       4 4 4 4       4 4 4 4 4 4       4 4 4 4 4 4 
5 5 5 5 5 5 5 5 5 5 5 5 5 5 5 5 5 5 5 5 5 5 5 5 5       4 4 4 4       4 4 4 4 4 4       4 4 4 4 4 4 
5 5 5 5 5 5 5 5 5 5 5 5 5 5 5 5 5 5 5 5 5 5 5 5 5 5   4 4 4 4       4 4 4 4 4 4       4 4 4 4 4 4 4 
5 5 5 5 5 5 5 5 5 5 5 5 5 5 5 5 5 5 5 5 5 5 5 5 5     4 4 4 4       4 4 4 4 4 4       4 4 4 4 4 4 4 
5 5 5 5 5 5 5 5 5 5 5 5 5 5 5 5 5 5 5 5 5 5 5 5 5   4 4 4 4       4 4 4 4 4 4       4 4 4 4 4 4 4 4 
5 5 5 5 5 5 5 5 5 5 5 5 5 5 5 5 5 5 5 5 5 5 5 5 5   4 4 4 4       4 4 4 4 4 4       4 4 4 4 4 4 4 4 
5 5 5 5 5 5 5 5 5 5 5 5 5 5 5 5 5 5 5 5 5 5 5 5 5   4 4 4 4       4 4 4 4 4 4       4 4 4 4 4 4 4 4 
5 5 5 5 5 5 5 5 5 5 5 5 5 5 5 5 5 5 5 5 5 5 5 5 5 2 4 4 4       4 4 4 4 4 4       4 4 4 4 4 4 4 4 4 
5 5 5 5 5 5 5 5 5 5 5 5 5 5 5 5 5 5 5 5 5 5 5 2 2 2 2 4 4       4 4 4 4 4 4       4 4 4 4 4 4 4 4 4 
5 5 5 5 5 5 5 5 5 5 5 5 5 5 5 5 5 5 5 5 5 5     2 2 2 2       4 4 4 4 4 4       4 4 4 4 4 4 4 4 4 4 
5 5 5 5 5 5 5 5 5 5 5 5 5 5 5 5 5 5 5   2 2       2 2 2 2     4 4 4 4 4 4       4 4 4 4 4 4 4 4 4 4 
                                        2 2       2 2 2 2 2   4 4 4 4 4 4       4 4 4 4 4 4 4 4 4 4 
                                    2 2 2 2 2       2 2 2 2 2   4 4 4 4       4 4 4 4 4 4 4 4 4 4 4 
                                    2 2 2 2 2 2       2 2 2 2 2   4 4 4       4 4 4 4 4 4 4 4 4 4 4 
5 5 5 5 5 5 5 5 5 5 5 5 5 5 5 5     2 2 2 2 2 2       2 2 2 2 2             4 4 4 4 4 4 4 4 4 4 4 4 
5 5 5 5 5 5 5 5 5 5 5 5 5 5 2 2       2 2 2 2 2 2       2 2 2 2 2           4 4 4 4 4 4 4 4 4 4 4 4 
                          2 2 2 2       2 2 2 2 2 2       2 2 2 2 2         4 4 4 4 4 4 4 4 4 4 4 4 
1     1 1           1 1   2 2 2 2       2 2 2 2 2 2       2 2 2 2 2       4 4 4 4 4 4 4 4 4 4 4 4 4 
1 1 1 1 1 1         1 1 1 2 2 2 2 2       2 2 2 2 2 2       2 2 2 2 2     4 4 4 4 4 4 4 4 4 4 4 4 4 
1 1 1 1 1 1         1 1 1 1 2 2 2 2 2       2 2 2 2 2 2       2 2 2 2 2   4 4 4 4 4 4 4 4 4 4 4 4 4 
1 1 1 1 1 1         1 1 1 1 2 2 2 2 2       2 2 2 2 2 2       2 2 2 2 2 4 4 4 4 4 4 4 4 4 4 4 4 4 4 
1 1 1 1 1         1 1 1 1   2 2 2 2 2 2       2 2 2 2 2 2       2 2 2 2 4 4 4 4 4 4 4 4 4 4 4 4 4 4 
1 1 1 1 1         1 1 1 1     2 2 2 2 2 2       2 2 2 2 2 2       2 2 2 4 4 4 4 4 4 4 4 4 4 4 4 4 4 
1 1 1 1 1         1 1 1 1   2 2 2 2 2 2 2       2 2 2 2 2 2       2 2 2 4 4 4 4 4 4 4 4 4 4 4 4 4 4 
1 1 1 1 1         1 1 1 1     8 2 2 2 2 2 2       2 2 2 2 2 2       2 2 2 4 4 4 4 4 4 4 4 4 4 4 4 4 
1 1 1 1 1         1 1 1 1   8 8 8 8 2 2 2 2 2       2 2 2 2 2 2       2 2 4 4 4 4 4 4 4 4 4 4 4 4 4 
1 1 1 1 1         1 1 1 1   8 8 8 8 2 2 2 2 2       2 2 2 2 2 2       2 2 2 4 4 4 4 4 4 4 4 4 6 4 4 
1 1 1 1         1 1 1 1     8 8 8 8 8 2 2 2 2 2       2 2 2 2 2 2       2 2 4 4   6 6 6 6 6 6 6 6 6 
1 1 1 1         1 1 1 1     8 8 8 8 2 2 2 2 2 2 2       2 2 2 2 2 2       2 2 6 6 6 6 6 6 6 6 6 6 6 
1 1 1 1         1 1 1 1     8 8 8 8 8 8 2 2 2 2 2       2 2 2 2 2 2       2 2 6 6 6 6 6 6 6 6 6 6 6 
1 1 1 1         1 1 1 1     8 8 8 8 8 8 8 2 2   8         2 8 8 2   2       2 6 6 6 6 6 6 6 6 6 6 6 
1 1 1 1         1 1 1 1     8 8 8 8 8 8 8       8       8 8 8 8       8       6 6 6 6 6 6 6 6 6 6 6 
1 1 1 1         1 1 1 1     8 8 8 8 8 8 8       8       8 8 8 8       8 8   6 6 6 6 6 6 6 6 6 6 6 6 
1 1 1 1         1 1 1 1     8 8 8 8 8 8 8       8       8 8 8 8       8 8 8 6 6 6 6 6 6 6 6 6 6 6 6 
1 1 1         1 1 1 1       8 8 8 8 8 8 8       8       8 8 8 8       8 8 8 6 6 6 6 6 6 6 6 6 6 6 6 
1 1 1         1 1 1 1       8 8 8 8 8 8 8       8       8 8 8 8       8 8 8 8 6 6 6 6 6 6 6 6 6 6 6 
1 1 1         1 1 1 1       1 8 8 8 8 8 8       8       8 8 8 8       8 8 7 7 6 6 6 6 6 6 6 6 6 6 6 
1 1 1         1 1 1 1       1 8 8 8 8 8 8 8       8       8 8 8 8       8 7 7 7 6 6 6 6 6 6 6 6 6 6 
1 1 1         1 1 1 1       8 8 8 8 8 8 8 8       8       8 8 8 8       7 7 7 7 7 6 6 6 6 6 6 6 6 6 
1 1 1         1 1 1 1       8 8 8 8 8 8 8 8       8       8 8 8 8       7 7 7 7 7 7 7 7 6 6 6 6 6 6 
1 1         1 1 1 1       1 8 8 8 8 8 8 8 8       8       8 8 8 8       7 7 7 7 7 7 7 7 7       6 6 
1 1   9 9 9 9 9 9 9         8 8 8 8 8 8 8 8       8       8 8 8 8     3   7 7 7 7 7 7 7       7 7   
9 9 9 9 9 9 9 9 9 9         8 8 8 8 8 8 8 8       8       8 3 3 3 3 3 3     7 7 7 7 7       7 7     
9 9 9 9 9 9 9 9 9 9         8 8 8 8 8 8 8 8       8           3 3 3 3 3 3   7 7 7 7 7     7 7       
9 9 9 9 9 9 9 9 9 9         8 8 8 8 8 8 8 8       8           3 3 3 3 3 3     7 7 7     7 7 7     7 
9 9 9 9 9 9 9 9 9 9         8 8 8 8 8 8 8 8 8       8 3 3       3 3 3 3 3 3   7 7       7 7     7 7 
9 9 9 9 9 9 9 9 9 9         8 8 8 8 8 8 8 8 8         3 3       3 3 3 3 3 3           7 7       7 7 
9 9 9 9 9 9 9 9 9 9         8 8 8 8 8 8 8 8 8         3 3       3 3 3 3 3 3   7     7 7       7 7 7 
9 9 9 9 9 9 9 9 9 9         8 8 8 8 8 8 8 8 8 3 3       3 3       3 3 3 3 3 3     7 7       7 7 7   
9 9 9 9 9 9 9 9 9 9         8 8 8 8 8 8 8 8 3 3 3       3 3       3 3 3 3 3 3     7 7     7 7 7     

5 5 5 5 5 5 5 5 5 5 5 5 5 5 5 5 5 5 5 5 5 5 5 5 5       4 4 4 4       4 4 4 4 4 4       4 4 4 4 4 4 
5 5 5 5 5 5 5 5 5 5 5 5 5 5 5 5 5 5 5 5 5 5 5 5 5 5     4 4 4 4       4 4 4 4 4 4       4 4 4 4 4 4 
5 5 5 5 5 5 5 5 5 5 5 5 5 5 5 5 5 5 5 5 5 5 5 5 5     4 4 4 4       4 4 4 4 4 4       4 4 4 4 4 4 4 
5 5 5 5 5 5 5 5 5 5 5 5 5 5 5 5 5 5 5 5 5 5 5 5 5     4 4 4 4       4 4 4 4 4 4       4 4 4 4 4 4 4 
5 5 5 5 5 5 5 5 5 5 5 5 5 5 5 5 5 5 5 5 5 5 5 5 5 5 4 4 4 4       4 4 4 4 4 4       4 4 4 4 4 4 4 4 
5 5 5 5 5 5 5 5 5 5 5 5 5 5 5 5 5 5 5 5 5 5 5 5 5   4 4 4 4       4 4 4 4 4 4       4 4 4 4 4 4 4 4 
5 5 5 5 5 5 5 5 5 5 5 5 5 5 5 5 5 5 5 5 5 5 5 5 5   4 4 4 4       4 4 4 4 4 4       4 4 4 4 4 4 4 4 
5 5 5 5 5 5 5 5 5 5 5 5 5 5 5 5 5 5 5 5 5 5 5 5 5 2 4 4 4       4 4 4 4 4 4       4 4 4 4 4 4 4 4 4 
5 5 5 5 5 5 5 5 5 5 5 5 5 5 5 5 5 5 5 5 5 5 5 5 2 2 2 4 4       4 4 4 4 4 4       4 4 4 4 4 4 4 4 4 
5 5 5 5 5 5 5 5 5 5 5 5 5 5 5 5 5 5 5 5 5 5     2 2 2 2 2     4 4 4 4 4 4       4 4 4 4 4 4 4 4 4 4 
5 5 5 5 5 5 5 5 5 5 5 5 5 5 5 5 5 5 5     2       2 2 2 2     4 4 4 4 4 4       4 4 4 4 4 4 4 4 4 4 
                                        2 2       2 2 2 2 2   4 4 4 4 4 4       4 4 4 4 4 4 4 4 4 4 
                                      2 2 2 2       2 2 2 2 2   4 4 4 4       4 4 4 4 4 4 4 4 4 4 4 
                                    2 2 2 2 2 2       2 2 2 2 2 4 4 4 4       4 4 4 4 4 4 4 4 4 4 4 
5 5 5 5 5 5 5 5 5 5 5 5 5 5 5       2 2 2 2 2 2       2 2 2 2 2     4       4 4 4 4 4 4 4 4 4 4 4 4 
5 5 5 5 5 5 5 5 5 5 5 5 5 5 5 2       2 2 2 2 2 2       2 2 2 2 2           4 4 4 4 4 4 4 4 4 4 4 4 
                          2 2 2 2       2 2 2 2 2 2       2 2 2 2 2         4 4 4 4 4 4 4 4 4 4 4 4 
      1 1           1 1 1 2 2 2 2       2 2 2 2 2 2       2 2 2 2 2       4 4 4 4 4 4 4 4 4 4 4 4 4 
1 1 1 1 1 1         1 1 1 1 2 2 2 2       2 2 2 2 2 2       2 2 2 2 2     4 4 4 4 4 4 4 4 4 4 4 4 4 
1 1 1 1 1 1         1 1 1 1 2 2 2 2 2       2 2 2 2 2 2       2 2 2 2 2 4 4 4 4 4 4 4 4 4 4 4 4 4 4 
1 1 1 1 1 1         1 1 1 1 2 2 2 2 2       2 2 2 2 2 2       2 2 2 2 2 4 4 4 4 4 4 4 4 4 4 4 4 4 4 
1 1 1 1 1         1 1 1 1   2 2 2 2 2 2       2 2 2 2 2 2       2 2 2   4 4 4 4 4 4 4 4 4 4 4 4 4 4 
1 1 1 1 1         1 1 1 1     2 2 2 2 2 2       2 2 2 2 2 2       2 2 2 4 4 4 4 4 4 4 4 4 4 4 4 4 4 
1 1 1 1 1         1 1 1 1     2 2 2 2 2 2       2 2 2 2 2 2       2 2 2 4 4 4 4 4 4 4 4 4 4 4 4 4 4 
1 1 1 1 1         1 1 1 1     8 2 2 2 2 2 2       2 2 2 2 2 2       2 2 4 4 4 4 4 4 4 4 4 4 4 4 4 4 
1 1 1 1 1         1 1 1 1     8 8 8 2 2 2 2 2       2 2 2 2 2 2       2 2 4 4 4 4 4 4 4 4 4 4 4 4 4 
1 1 1 1 1         1 1 1 1   8 8 8 8 2 2 2 2 2       2 2 2 2 2 2       2 2 4 4 4 4 4 4 4 4 4 6 6 4 4 
1 1 1 1         1 1 1 1     8 8 8 8 2 2 2 2 2 2       2 2 2 2 2 2       2 2 2 4   6 6 6 6 6 6 6 6 6 
1 1 1 1         1 1 1 1     8 8 8 8 8 2 2 2 2 2 2       2 2 2 2 2 2       2 2 6 6 6 6 6 6 6 6 6 6 6 
1 1 1 1         1 1 1 1     8 8 8 8 8 8 8 2 2 2 2       2 2 2 2 2 2       2 2 6 6 6 6 6 6 6 6 6 6 6 
1 1 1 1         1 1 1 1     8 8 8 8 8 8 8       8 2       8 8 8             2 6 6 6 6 6 6 6 6 6 6 6 
1 1 1 1         1 1 1 1   8 8 8 8 8 8 8 8       8       8 8 8 8       8       6 6 6 6 6 6 6 6 6 6 6 
1 1 1 1         1 1 1 1     8 8 8 8 8 8 8       8       8 8 8 8       8 8     6 6 6 6 6 6 6 6 6 6 6 
1 1 1 1         1 1 1 1     8 8 8 8 8 8 8       8       8 8 8 8       8 8 8 6 6 6 6 6 6 6 6 6 6 6 6 
1 1 1         1 1 1 1       8 8 8 8 8 8 8       8       8 8 8 8       8 8 8 8 6 6 6 6 6 6 6 6 6 6 6 
1 1 1         1 1 1 1       8 8 8 8 8 8 8       8       8 8 8 8       8 8 8 6 6 6 6 6 6 6 6 6 6 6 6 
1 1 1         1 1 1 1       8 8 8 8 8 8 8       8       8 8 8 8       8 7 7 6 6 6 6 6 6 6 6 6 6 6 6 
1 1 1         1 1 1 1       8 8 8 8 8 8 8 8       8       8 8 8 8       7 7 7 7 6 6 6 6 6 6 6 6 6 6 
1 1 1         1 1 1 1       8 8 8 8 8 8 8 8       8       8 8 8 8       7 7 7 7 7 6 6 6 6 6 6 6 6 6 
1 1 1         1 1 1 1       8 8 8 8 8 8 8 8       8       8 8 8 8       7 7 7 7 7 7 7 6 6 6 6 6 6 6 
1 1         1 1 9 9       1 8 8 8 8 8 8 8 8       8       8 8 8 8       7 7 7 7 7 7 7 7 7   6 6 6 6 
1 1   9 9 9 1 9 9 9         8 8 8 8 8 8 8 8       8       8 8 8 8   3 3 7 7 7 7 7 7 7 7       7 7   
9 9 9 9 9 9 9 9 9 9         8 8 8 8 8 8 8 8       8       8 8 3 3 3 3 3   7 7 7 7 7 7       7 7     
9 9 9 9 9 9 9 9 9 9         8 8 8 8 8 8 8 8       8           3 3 3 3 3 3   7 7 7 7 7     7 7       
9 9 9 9 9 9 9 9 9 9         8 8 8 8 8 8 8 8       8   3       3 3 3 3 3 3   7 7 7 7     7 7 7     7 
9 9 9 9 9 9 9 9 9 9         8 8 8 8 8 8 8 8 8         3 3       3 3 3 3 3 3   7 7       7 7     7 7 
9 9 9 9 9 9 9 9 9 9         8 8 8 8 8 8 8 8 8         3 3       3 3 3 3 3 3           7 7       7 7 
9 9 9 9 9 9 9 9 9 9         8 8 8 8 8 8 8 8 8         3 3       3 3 3 3 3 3   7     7 7       7 7 7 
9 9 9 9 9 9 9 9 9 9         8 8 8 8 8 8 8 8 8 3 3       3 3       3 3 3 3 3 3     7 7       7 7 7 7 
9 9 9 9 9 9 9 9 9 9           8 8 8 8 8 8 8 3 3 3       3 3       3 3 3 3 3 3     7 7     7 7 7 7 7 

5 5 5 5 5 5 5 5 5 5 5 5 5 5 5 5 5 5 5 5 5 5 5 5 5       4 4 4 4       4 4 4 4 4 4       4 4 4 4 4 4 
5 5 5 5 5 5 5 5 5 5 5 5 5 5 5 5 5 5 5 5 5 5 5 5 5       4 4 4 4       4 4 4 4 4 4       4 4 4 4 4 4 
5 5 5 5 5 5 5 5 5 5 5 5 5 5 5 5 5 5 5 5 5 5 5 5 5     4 4 4 4       4 4 4 4 4 4       4 4 4 4 4 4 4 
5 5 5 5 5 5 5 5 5 5 5 5 5 5 5 5 5 5 5 5 5 5 5 5 5     4 4 4 4       4 4 4 4 4 4       4 4 4 4 4 4 4 
5 5 5 5 5 5 5 5 5 5 5 5 5 5 5 5 5 5 5 5 5 5 5 5 5   4 4 4 4       4 4 4 4 4 4       4 4 4 4 4 4 4 4 
5 5 5 5 5 5 5 5 5 5 5 5 5 5 5 5 5 5 5 5 5 5 5 5 5   4 4 4 4       4 4 4 4 4 4       4 4 4 4 4 4 4 4 
5 5 5 5 5 5 5 5 5 5 5 5 5 5 5 5 5 5 5 5 5 5 5 5 5   4 4 4 4       4 4 4 4 4 4       4 4 4 4 4 4 4 4 
5 5 5 5 5 5 5 5 5 5 5 5 5 5 5 5 5 5 5 5 5 5 5 5 5 2 2 4 4       4 4 4 4 4 4       4 4 4 4 4 4 4 4 4 
5 5 5 5 5 5 5 5 5 5 5 5 5 5 5 5 5 5 5 5 5 5 5 2 2 2 2 4 4       4 4 4 4 4 4       4 4 4 4 4 4 4 4 4 
5 5 5 5 5 5 5 5 5 5 5 5 5 5 5 5 5 5 5 5 5 5 5   2 2 2 2 2     4 4 4 4 4 4       4 4 4 4 4 4 4 4 4 4 
5 5 5 5 5 5 5 5 5 5 5 5 5 5 5 5 5 5 5             2 2 2 2 2   4 4 4 4 4 4       4 4 4 4 4 4 4 4 4 4 
                                      2 2 2       2 2 2 2 2   4 4 4 4 4 4       4 4 4 4 4 4 4 4 4 4 
                                  2 2 2 2 2 2       2 2 2 2 2 4 4 4 4 4       4 4 4 4 4 4 4 4 4 4 4 
                                    2 2 2 2 2 2       2 2 2 2 2   4 4 4       4 4 4 4 4 4 4 4 4 4 4 
5 5 5 5 5 5 5 5 5 5 5 5 5 5 5       2 2 2 2 2 2       2 2 2 2 2   4 4       4 4 4 4 4 4 4 4 4 4 4 4 
5 5 5 5 5 5 5 5 5 5 5 5 5 5 2 2       2 2 2 2 2 2       2 2 2 2 2           4 4 4 4 4 4 4 4 4 4 4 4 
                          2 2 2 2       2 2 2 2 2 2       2 2 2 2 2         4 4 4 4 4 4 4 4 4 4 4 4 
    1 1   1             2 2 2 2 2       2 2 2 2 2 2       2 2 2 2 2       4 4 4 4 4 4 4 4 4 4 4 4 4 
1 1 1 1 1 1         1 1 1 2 2 2 2 2       2 2 2 2 2 2       2 2 2 2 2     4 4 4 4 4 4 4 4 4 4 4 4 4 
1 1 1 1 1 1         1 1 1 1 2 2 2 2 2       2 2 2 2 2 2       2 2 2 2 2 4 4 4 4 4 4 4 4 4 4 4 4 4 4 
1 1 1 1 1 1         1 1 1 1 2 2 2 2 2       2 2 2 2 2 2       2 2 2 2 2 4 4 4 4 4 4 4 4 4 4 4 4 4 4 
1 1 1 1 1         1 1 1 1   2 2 2 2 2 2       2 2 2 2 2 2       2 2 2 2 4 4 4 4 4 4 4 4 4 4 4 4 4 4 
1 1 1 1 1         1 1 1 1   2 2 2 2 2 2 2       2 2 2 2 2 2       2 2 2 4 4 4 4 4 4 4 4 4 4 4 4 4 4 
1 1 1 1 1         1 1 1 1   2 2 2 2 2 2 2       2 2 2 2 2 2       2 2 2 4 4 4 4 4 4 4 4 4 4 4 4 4 4 
1 1 1 1 1         1 1 1 1   8 2 8 2 2 2 2 2       2 2 2 2 2 2       2 2 4 4 4 4 4 4 4 4 4 4 4 4 4 4 
1 1 1 1 1         1 1 1 1   8 8 2 2 2 2 2 2 2       2 2 2 2 2 2       2 4 4 4 4 4 4 4 4 4 4 4 4 4 4 
1 1 1 1 1         1 1 1 1   8 8 8 2 2 2 2 2 2       2 2 2 2 2 2       2 2 2 4 4 4 4 6 4 6 4 6 4 4 4 
1 1 1 1         1 1 1 1     8 8 8 8 2 2 2 2 2 2       2 2 2 2 2 2       2 2 4 4   6 6 6 6 6 6 6 6 6 
1 1 1 1         1 1 1 1     8 8 8 8 8 8 2 2 2 2 2       2 2 2 2 2 2       2 2 6 6 6 6 6 6 6 6 6 6 6 
1 1 1 1         1 1 1 1     8 8 8 8 8 8 8 2 2 2 2       2 2 2 2 2 2       2 2 6 6 6 6 6 6 6 6 6 6 6 
1 1 1 1         1 1 1 1     8 8 8 8 8 8 8   2   8         8 8 8     2       2 6 6 6 6 6 6 6 6 6 6 6 
1 1 1 1         1 1 1 1     8 8 8 8 8 8 8       8       8 8 8 8       8       6 6 6 6 6 6 6 6 6 6 6 
1 1 1 1         1 1 1 1     8 8 8 8 8 8 8       8       8 8 8 8       8 8 8   6 6 6 6 6 6 6 6 6 6 6 
1 1 1 1         1 1 1 1     8 8 8 8 8 8 8       8       8 8 8 8       8 8 8 8 6 6 6 6 6 6 6 6 6 6 6 
1 1 1         1 1 1 1       8 8 8 8 8 8 8       8       8 8 8 8       8 8 8 6 6 6 6 6 6 6 6 6 6 6 6 
1 1 1         1 1 1 1       8 8 8 8 8 8 8       8       8 8 8 8       8 8 8 7 6 6 6 6 6 6 6 6 6 6 6 
1 1 1         1 1 1 1       8 8 8 8 8 8 8       8       8 8 8 8       8 8 7 7 6 6 6 6 6 6 6 6 6 6 6 
1 1 1         1 1 1 1       8 8 8 8 8 8 8 8       8       8 8 8 8       7 7 7 7 6 6 6 6 6 6 6 6 6 6 
1 1 1         1 1 1 1       8 8 8 8 8 8 8 8       8       8 8 8 8       7 7 7 7 7 7 6 6 6 6 6 6 6 6 
1 1 1         1 1 1 1       8 8 8 8 8 8 8 8       8       8 8 8 8     7 7 7 7 7 7 7 7 6 6 6 6 6 6 6 
1 1         1 1 1 1       1 8 8 8 8 8 8 8 8       8       8 8 8 8     3   7 7 7 7 7 7 7 6 6 6 6 6 6 
1 9       9 9 9 1 9         8 8 8 8 8 8 8 8       8       8 8 8 8   3 3 7 7 7 7 7 7 7 7       7 6 6 
9 9 9 9 9 9 9 9 9 9         8 8 8 8 8 8 8 8       8         8 8 8   3 3   7 7 7 7 7 7       7 7     
9 9 9 9 9 9 9 9 9 9         8 8 8 8 8 8 8 8       8           3 3 3 3 3 3   7 7 7 7 7     7 7       
9 9 9 9 9 9 9 9 9 9         8 8 8 8 8 8 8 8       8           3 3 3 3 3 3     7 7 7     7 7 7     7 
9 9 9 9 9 9 9 9 9 9         8 8 8 8 8 8 8 8 8       8 3 3       3 3 3 3 3 3   7 7       7 7     7 7 
9 9 9 9 9 9 9 9 9 9         8 8 8 8 8 8 8 8 8         3 3       3 3 3 3 3 3   7       7 7       7 7 
9 9 9 9 9 9 9 9 9 9         8 8 8 8 8 8 8 8 8         3 3       3 3 3 3 3 3   7     7 7       7 7 7 
9 9 9 9 9 9 9 9 9 9         8 8 8 8 8 8 8 8 8   3       3 3       3 3 3 3 3 3     7 7       7 7 7 7 
9 9 9 9 9 9 9 9 9 9           8 8 8 8 8 8 8 3 3 3       3 3       3 3 3 3 3 3     7 7     7 7 7 7 7 

5 5 5 5 5 5 5 5 5 5 5 5 5 5 5 5 5 5 5 5 5 5 5 5 5       4 4 4 4       4 4 4 4 4 4       4 4 4 4 4 4 
5 5 5 5 5 5 5 5 5 5 5 5 5 5 5 5 5 5 5 5 5 5 5 5 5       4 4 4 4       4 4 4 4 4 4       4 4 4 4 4 4 
5 5 5 5 5 5 5 5 5 5 5 5 5 5 5 5 5 5 5 5 5 5 5 5 5     4 4 4 4       4 4 4 4 4 4       4 4 4 4 4 4 4 
5 5 5 5 5 5 5 5 5 5 5 5 5 5 5 5 5 5 5 5 5 5 5 5 5     4 4 4 4       4 4 4 4 4 4       4 4 4 4 4 4 4 
5 5 5 5 5 5 5 5 5 5 5 5 5 5 5 5 5 5 5 5 5 5 5 5 5 5 4 4 4 4       4 4 4 4 4 4       4 4 4 4 4 4 4 4 
5 5 5 5 5 5 5 5 5 5 5 5 5 5 5 5 5 5 5 5 5 5 5 5 5 5 4 4 4 4       4 4 4 4 4 4       4 4 4 4 4 4 4 4 
5 5 5 5 5 5 5 5 5 5 5 5 5 5 5 5 5 5 5 5 5 5 5 5 5 2 4 4 4 4       4 4 4 4 4 4       4 4 4 4 4 4 4 4 
5 5 5 5 5 5 5 5 5 5 5 5 5 5 5 5 5 5 5 5 5 5 5 5 5 2 4 4 4       4 4 4 4 4 4       4 4 4 4 4 4 4 4 4 
5 5 5 5 5 5 5 5 5 5 5 5 5 5 5 5 5 5 5 5 5 5 5 2 2 2 2 4 4       4 4 4 4 4 4       4 4 4 4 4 4 4 4 4 
5 5 5 5 5 5 5 5 5 5 5 5 5 5 5 5 5 5 5 5 5 5     2 2 2 2       4 4 4 4 4 4       4 4 4 4 4 4 4 4 4 4 
5 5 5 5 5 5 5 5 5 5 5 5 5 5 5 5 5 5 5     2       2 2 2 2 2   4 4 4 4 4 4       4 4 4 4 4 4 4 4 4 4 
                                      2 2 2       2 2 2 2 2   4 4 4 4 4 4       4 4 4 4 4 4 4 4 4 4 
                                    2 2 2 2 2       2 2 2 2 2   4 4 4 4       4 4 4 4 4 4 4 4 4 4 4 
                                    2 2 2 2 2 2       2 2 2 2 2     4 4       4 4 4 4 4 4 4 4 4 4 4 
5 5 5 5 5 5 5 5 5 5 5 5 5 5 5 5     2 2 2 2 2 2       2 2 2 2 2     4       4 4 4 4 4 4 4 4 4 4 4 4 
5 5 5 5 5 5 5 5 5 5 5 5 5 5 2 2       2 2 2 2 2 2       2 2 2 2 2   4       4 4 4 4 4 4 4 4 4 4 4 4 
                          2 2 2 2       2 2 2 2 2 2       2 2 2 2 2         4 4 4 4 4 4 4 4 4 4 4 4 
  1 1 1 1           1   2 2 2 2 2       2 2 2 2 2 2       2 2 2 2 2       4 4 4 4 4 4 4 4 4 4 4 4 4 
1 1 1 1 1 1         1 1 1 2 2 2 2 2       2 2 2 2 2 2       2 2 2 2 2     4 4 4 4 4 4 4 4 4 4 4 4 4 
1 1 1 1 1 1         1 1 1 1 2 2 2 2 2       2 2 2 2 2 2       2 2 2 2 2 4 4 4 4 4 4 4 4 4 4 4 4 4 4 
1 1 1 1 1 1         1 1 1 1 2 2 2 2 2       2 2 2 2 2 2       2 2 2 2 2 4 4 4 4 4 4 4 4 4 4 4 4 4 4 
1 1 1 1 1         1 1 1 1   2 2 2 2 2 2       2 2 2 2 2 2       2 2 2 2 4 4 4 4 4 4 4 4 4 4 4 4 4 4 
1 1 1 1 1         1 1 1 1     2 2 2 2 2 2       2 2 2 2 2 2       2 2 4 4 4 4 4 4 4 4 4 4 4 4 4 4 4 
1 1 1 1 1         1 1 1 1   2 2 2 2 2 2 2       2 2 2 2 2 2       2 2 2 4 4 4 4 4 4 4 4 4 4 4 4 4 4 
1 1 1 1 1         1 1 1 1   8 8 2 2 2 2 2 2       2 2 2 2 2 2       2 2 4 4 4 4 4 4 4 4 4 4 4 4 4 4 
1 1 1 1 1         1 1 1 1   8 8 8 2 2 2 2 2 2       2 2 2 2 2 2       2 2 4 4 4 4 4 4 4 4 4 4 4 4 4 
1 1 1 1 1         1 1 1 1   8 8 2 2 2 2 2 2 2       2 2 2 2 2 2       2 2 2 4 4 4 4 4 6 6 4 6 4 4 6 
1 1 1 1         1 1 1 1     8 8 8 8 8 2 2 2 2 2       2 2 2 2 2 2       2 2 2 4   6 6 6 6 6 6 6 6 6 
1 1 1 1         1 1 1 1     8 8 8 8 8 8 2 2 2 2 2       2 2 2 2 2 2       2 2 6 6 6 6 6 6 6 6 6 6 6 
1 1 1 1         1 1 1 1     8 8 8 8 8 8 2 2 2 2 2       2 2 2 2   2       2 2 6 6 6 6 6 6 6 6 6 6 6 
1 1 1 1         1 1 1 1     8 8 8 8 8 8 8       8       8 8 2 8             2 6 6 6 6 6 6 6 6 6 6 6 
1 1 1 1         1 1 1 1     8 8 8 8 8 8 8       8       8 8 8 8       8 8     6 6 6 6 6 6 6 6 6 6 6 
1 1 1 1         1 1 1 1     8 8 8 8 8 8 8       8       8 8 8 8       8 8 8 8 6 6 6 6 6 6 6 6 6 6 6 
1 1 1 1         1 1 1 1     8 8 8 8 8 8 8       8       8 8 8 8       8 8 8 8 6 6 6 6 6 6 6 6 6 6 6 
1 1 1         1 1 1 1       8 8 8 8 8 8 8       8       8 8 8 8       8 8 8 8 6 6 6 6 6 6 6 6 6 6 6 
1 1 1         1 1 1 1       8 8 8 8 8 8 8       8       8 8 8 8       8 8 8 7 6 6 6 6 6 6 6 6 6 6 6 
1 1 1         1 1 1 1       8 8 8 8 8 8 8       8       8 8 8 8       8 8 7 7 7 6 6 6 6 6 6 6 6 6 6 
1 1 1         1 1 1 1       8 8 8 8 8 8 8 8       8       8 8 8 8       8 7 7 7 7 6 6 6 6 6 6 6 6 6 
1 1 1         1 1 1 1     8 8 8 8 8 8 8 8 8       8       8 8 8 8       7 7 7 7 7 7 6 6 6 6 6 6 6 6 
1 1 1         1 1 1 1       8 8 8 8 8 8 8 8       8       8 8 8 8       7 7 7 7 7 7 7 6 6 6 6 6 6 6 
1 1         1 1 1 1       1 8 8 8 8 8 8 8 8       8       8 8 8 8       7 7 7 7 7 7 7 7 6   6 6 6 6 
1 1 9 9 9 9 9 9 1 9       1 8 8 8 8 8 8 8 8       8       8 8 8 8     3   7 7 7 7 7 7 7       7 7 6 
9 9 9 9 9 9 9 9 9 9         8 8 8 8 8 8 8 8       8       8 8 3 3 3 3 3     7 7 7 7 7       7 7     
9 9 9 9 9 9 9 9 9 9         8 8 8 8 8 8 8 8       8           3 3 3 3 3 3   7 7 7 7 7     7 7       
9 9 9 9 9 9 9 9 9 9         8 8 8 8 8 8 8 8       8           3 3 3 3 3 3     7 7 7     7 7 7     7 
9 9 9 9 9 9 9 9 9 9         8 8 8 8 8 8 8 8 8       8 3 3       3 3 3 3 3 3   7 7       7 7     7 7 
9 9 9 9 9 9 9 9 9 9         8 8 8 8 8 8 8 8 8         3 3       3 3 3 3 3 3   7       7 7       7 7 
9 9 9 9 9 9 9 9 9 9         8 8 8 8 8 8 8 8 8         3 3       3 3 3 3 3 3   7     7 7       7 7 7 
9 9 9 9 9 9 9 9 9 9         8 8 8 8 8 8 8 8 8 3 3       3 3       3 3 3 3 3 3     7 7       7 7 7 7 
9 9 9 9 9 9 9 9 9 9         8 8 8 8 8 8 8 8 3 3 3       3 3       3 3 3 3 3 3     7 7     7 7 7 7 7 

5 5 5 5 5 5 5 5 5 5 5 5 5 5 5 5 5 5 5 5 5 5 5 5 5 5     4 4 4 4       4 4 4 4 4 4       4 4 4 4 4 4 
5 5 5 5 5 5 5 5 5 5 5 5 5 5 5 5 5 5 5 5 5 5 5 5 5 5     4 4 4 4       4 4 4 4 4 4       4 4 4 4 4 4 
5 5 5 5 5 5 5 5 5 5 5 5 5 5 5 5 5 5 5 5 5 5 5 5 5 5   4 4 4 4       4 4 4 4 4 4       4 4 4 4 4 4 4 
5 5 5 5 5 5 5 5 5 5 5 5 5 5 5 5 5 5 5 5 5 5 5 5 5 5   4 4 4 4       4 4 4 4 4 4       4 4 4 4 4 4 4 
5 5 5 5 5 5 5 5 5 5 5 5 5 5 5 5 5 5 5 5 5 5 5 5 5 5 4 4 4 4       4 4 4 4 4 4       4 4 4 4 4 4 4 4 
5 5 5 5 5 5 5 5 5 5 5 5 5 5 5 5 5 5 5 5 5 5 5 5 5 5 4 4 4 4       4 4 4 4 4 4       4 4 4 4 4 4 4 4 
5 5 5 5 5 5 5 5 5 5 5 5 5 5 5 5 5 5 5 5 5 5 5 5 5 5 4 4 4 4       4 4 4 4 4 4       4 4 4 4 4 4 4 4 
5 5 5 5 5 5 5 5 5 5 5 5 5 5 5 5 5 5 5 5 5 5 5 5 2 2 4 4 4       4 4 4 4 4 4       4 4 4 4 4 4 4 4 4 
5 5 5 5 5 5 5 5 5 5 5 5 5 5 5 5 5 5 5 5 5 5 5 2 2 2 2 4 4       4 4 4 4 4 4       4 4 4 4 4 4 4 4 4 
5 5 5 5 5 5 5 5 5 5 5 5 5 5 5 5 5 5 5 5 5 5 5   2 2 2 2       4 4 4 4 4 4       4 4 4 4 4 4 4 4 4 4 
5 5 5 5 5 5 5 5 5 5 5 5 5 5 5 5 5 5 5   2 2       2 2 2 2     4 4 4 4 4 4       4 4 4 4 4 4 4 4 4 4 
                                      2 2 2       2 2 2 2 2   4 4 4 4 4 4       4 4 4 4 4 4 4 4 4 4 
                                  2 2 2 2 2 2       2 2 2 2 2   4 4 4 4       4 4 4 4 4 4 4 4 4 4 4 
                                    2 2 2 2 2 2       2 2 2 2 2 4 4 4 4       4 4 4 4 4 4 4 4 4 4 4 
5 5 5 5 5 5 5 5 5 5 5 5 5 5 5       2 2 2 2 2 2       2 2 2 2 2     4       4 4 4 4 4 4 4 4 4 4 4 4 
5 5 5 5 5 5 5 5 5 5 5 5 5 5 2 2       2 2 2 2 2 2       2 2 2 2 2           4 4 4 4 4 4 4 4 4 4 4 4 
                          2 2 2 2       2 2 2 2 2 2       2 2 2 2 2         4 4 4 4 4 4 4 4 4 4 4 4 
1   1     1         1     2 2 2 2       2 2 2 2 2 2       2 2 2 2 2       4 4 4 4 4 4 4 4 4 4 4 4 4 
1 1 1 1 1 1         1 1 1 2 2 2 2 2       2 2 2 2 2 2       2 2 2 2 2     4 4 4 4 4 4 4 4 4 4 4 4 4 
1 1 1 1 1 1         1 1 1 2 2 2 2 2 2       2 2 2 2 2 2       2 2 2 2 2 4 4 4 4 4 4 4 4 4 4 4 4 4 4 
1 1 1 1 1 1         1 1 1 1 2 2 2 2 2       2 2 2 2 2 2       2 2 2 2 2 4 4 4 4 4 4 4 4 4 4 4 4 4 4 
1 1 1 1 1         1 1 1 1   2 2 2 2 2 2       2 2 2 2 2 2       2 2 2   4 4 4 4 4 4 4 4 4 4 4 4 4 4 
1 1 1 1 1         1 1 1 1   2 2 2 2 2 2 2       2 2 2 2 2 2       2 2 4 4 4 4 4 4 4 4 4 4 4 4 4 4 4 
1 1 1 1 1         1 1 1 1     2 2 2 2 2 2       2 2 2 2 2 2       2 2 2 4 4 4 4 4 4 4 4 4 4 4 4 4 4 
1 1 1 1 1         1 1 1 1     2 2 2 2 2 2 2       2 2 2 2 2 2       2 2 2 4 4 4 4 4 4 4 4 4 4 4 4 4 
1 1 1 1 1         1 1 1 1   8 2 2 2 2 2 2 2 2       2 2 2 2 2 2       2 2 4 4 4 4 4 4 4 4 4 4 4 4 4 
1 1 1 1 1         1 1 1 1   8 8 2 2 2 2 2 2 2       2 2 2 2 2 2       2 2 4 4 4 4 4 4 4 4 4 4 4 4 4 
1 1 1 1         1 1 1 1     8 8 8 8 2 2 2 2 2 2       2 2 2 2 2 2       2 4 4 4   6 6 6 6 6 6 6 6 6 
1 1 1 1         1 1 1 1     8 8 8 8 2 2 2 2 2 2 2       2 2 2 2 2 2       2 2 6 6 6 6 6 6 6 6 6 6 6 
1 1 1 1         1 1 1 1     8 8 8 8 8 8 2   2   8       2 2 2 2           2 2 6 6 6 6 6 6 6 6 6 6 6 
1 1 1 1         1 1 1 1     8 8 8 8 8 8 8       8       8 2 8 8       8 8   2 6 6 6 6 6 6 6 6 6 6 6 
1 1 1 1         1 1 1 1     8 8 8 8 8 8 8       8       8 8 8 8       8 8 8 6 6 6 6 6 6 6 6 6 6 6 6 
1 1 1 1         1 1 1 1     8 8 8 8 8 8 8       8       8 8 8 8       8 8 8 8 6 6 6 6 6 6 6 6 6 6 6 
1 1 1 1         1 1 1 1     8 8 8 8 8 8 8       8       8 8 8 8       8 8 8 8 6 6 6 6 6 6 6 6 6 6 6 
1 1 1         1 1 1 1       8 8 8 8 8 8 8       8       8 8 8 8       8 8 8 8 6 6 6 6 6 6 6 6 6 6 6 
1 1 1         1 1 1 1       8 8 8 8 8 8 8       8       8 8 8 8       8 8 8 8 6 6 6 6 6 6 6 6 6 6 6 
1 1 1         1 1 1 1       8 8 8 8 8 8 8       8       8 8 8 8       8 8 7 7 7 6 6 6 6 6 6 6 6 6 6 
1 1 1         1 1 1 1       8 8 8 8 8 8 8 8       8       8 8 8 8       8 7 7 7 7 6 6 6 6 6 6 6 6 6 
1 1 1         1 1 1 1       8 8 8 8 8 8 8 8       8       8 8 8 8       7 7 7 7 7 6 6 6 6 6 6 6 6 6 
1 1 1         1 1 1 1       8 8 8 8 8 8 8 8       8       8 8 8 8       7 7 7 7 7 7 7 7 6 6 6 6 6 6 
1 1         1 1 1 1       1 8 8 8 8 8 8 8 8       8       8 8 8 8           7 7 7 7 7 7 7 6 6 6 6 6 
1 1 9 9 9   9 9 1 1       1 8 8 8 8 8 8 8 8       8       8 8 8 8   3 3     7 7 7 7 7 7       7 6 6 
9 9 9 9 9 9 9 9 9 9       1 8 8 8 8 8 8 8 8       8       8 8 3 8 3 3 3     7 7 7 7 7       7 7     
9 9 9 9 9 9 9 9 9 9         8 8 8 8 8 8 8 8       8           3 3 3 3 3 3   7 7 7 7 7     7 7       
9 9 9 9 9 9 9 9 9 9         8 8 8 8 8 8 8 8       8   3       3 3 3 3 3 3       7 7     7 7 7     7 
9 9 9 9 9 9 9 9 9 9         8 8 8 8 8 8 8 8 8       8 3 3       3 3 3 3 3 3   7 7       7 7     7 7 
9 9 9 9 9 9 9 9 9 9         8 8 8 8 8 8 8 8 8         3 3       3 3 3 3 3 3   7       7 7       7 7 
9 9 9 9 9 9 9 9 9 9         8 8 8 8 8 8 8 8 8         3 3       3 3 3 3 3 3   7     7 7       7 7 7 
9 9 9 9 9 9 9 9 9 9         8 8 8 8 8 8 8 8 8 3 3       3 3       3 3 3 3 3 3     7 7       7 7 7 7 
9 9 9 9 9 9 9 9 9 9           8 8 8 8 8 8 8 8 3 3       3 3       3 3 3 3 3 3     7 7     7 7 7 7 7 

5 5 5 5 5 5 5 5 5 5 5 5 5 5 5 5 5 5 5 5 5 5 5 5 5 5     4 4 4 4       4 4 4 4 4 4       4 4 4 4 4 4 
5 5 5 5 5 5 5 5 5 5 5 5 5 5 5 5 5 5 5 5 5 5 5 5 5 5     4 4 4 4       4 4 4 4 4 4       4 4 4 4 4 4 
5 5 5 5 5 5 5 5 5 5 5 5 5 5 5 5 5 5 5 5 5 5 5 5 5 5   4 4 4 4       4 4 4 4 4 4       4 4 4 4 4 4 4 
5 5 5 5 5 5 5 5 5 5 5 5 5 5 5 5 5 5 5 5 5 5 5 5 5 5   4 4 4 4       4 4 4 4 4 4       4 4 4 4 4 4 4 
5 5 5 5 5 5 5 5 5 5 5 5 5 5 5 5 5 5 5 5 5 5 5 5 5   4 4 4 4       4 4 4 4 4 4       4 4 4 4 4 4 4 4 
5 5 5 5 5 5 5 5 5 5 5 5 5 5 5 5 5 5 5 5 5 5 5 5 5 5 4 4 4 4       4 4 4 4 4 4       4 4 4 4 4 4 4 4 
5 5 5 5 5 5 5 5 5 5 5 5 5 5 5 5 5 5 5 5 5 5 5 5 5 2 4 4 4 4       4 4 4 4 4 4       4 4 4 4 4 4 4 4 
5 5 5 5 5 5 5 5 5 5 5 5 5 5 5 5 5 5 5 5 5 5 5 5 2 2 4 4 4       4 4 4 4 4 4       4 4 4 4 4 4 4 4 4 
5 5 5 5 5 5 5 5 5 5 5 5 5 5 5 5 5 5 5 5 5 5 5 2 2 2 2 2 4       4 4 4 4 4 4       4 4 4 4 4 4 4 4 4 
5 5 5 5 5 5 5 5 5 5 5 5 5 5 5 5 5 5 5 5 5 5     2 2 2 2       4 4 4 4 4 4       4 4 4 4 4 4 4 4 4 4 
5 5 5 5 5 5 5 5 5 5 5 5 5 5 5 5 5 5 5             2 2 2 2     4 4 4 4 4 4       4 4 4 4 4 4 4 4 4 4 
                                      2 2 2       2 2 2 2 2   4 4 4 4 4 4       4 4 4 4 4 4 4 4 4 4 
                                    2 2 2 2 2       2 2 2 2 2 4 4 4 4 4       4 4 4 4 4 4 4 4 4 4 4 
                                    2 2 2 2 2 2       2 2 2 2 2 4 4 4 4       4 4 4 4 4 4 4 4 4 4 4 
5 5 5 5 5 5 5 5 5 5 5 5 5 5 5       2 2 2 2 2 2       2 2 2 2 2   4 4       4 4 4 4 4 4 4 4 4 4 4 4 
5 5 5 5 5 5 5 5 5 5 5 5 5 5 2 2       2 2 2 2 2 2       2 2 2 2 2   4       4 4 4 4 4 4 4 4 4 4 4 4 
                        2   2 2 2       2 2 2 2 2 2       2 2 2 2 2         4 4 4 4 4 4 4 4 4 4 4 4 
      1 1 1           1 2 2 2 2 2       2 2 2 2 2 2       2 2 2 2 2       4 4 4 4 4 4 4 4 4 4 4 4 4 
1 1 1 1 1 1         1 1 1 2 2 2 2 2       2 2 2 2 2 2       2 2 2 2       4 4 4 4 4 4 4 4 4 4 4 4 4 
1 1 1 1 1 1         1 1 2 2 2 2 2 2 2       2 2 2 2 2 2       2 2 2 2   4 4 4 4 4 4 4 4 4 4 4 4 4 4 
1 1 1 1 1 1         1 1 1 2 2 2 2 2 2       2 2 2 2 2 2       2 2 2 2   4 4 4 4 4 4 4 4 4 4 4 4 4 4 
1 1 1 1 1         1 1 1 1   2 2 2 2 2 2       2 2 2 2 2 2       2 2 2   4 4 4 4 4 4 4 4 4 4 4 4 4 4 
1 1 1 1 1         1 1 1 1   2 2 2 2 2 2 2       2 2 2 2 2 2       2 2 4 4 4 4 4 4 4 4 4 4 4 4 4 4 4 
1 1 1 1 1         1 1 1 1     2 2 2 2 2 2       2 2 2 2 2 2       2 2 4 4 4 4 4 4 4 4 4 4 4 4 4 4 4 
1 1 1 1 1         1 1 1 1     2 2 2 2 2 2 2       2 2 2 2 2 2       2 2 4 4 4 4 4 4 4 4 4 4 4 4 4 4 
1 1 1 1 1         1 1 1 1   2 2 2 2 2 2 2 2 2       2 2 2 2 2 2       2 2 4 4 4 4 4 4 4 4 4 4 4 4 4 
1 1 1 1 1         1 1 1 1   8 8 2 2 2 2 2 2 2       2 2 2 2 2 2       2 4 4 4 4 4 4 4 4 4 6 4 4 6 4 
1 1 1 1         1 1 1 1     8 8 2 2 2 2 2 2 2 2       2 2 2 2 2 2       2 2 4   4 4 6 6 6 6 6 6 6 6 
1 1 1 1         1 1 1 1     8 8 2 2 8 8 2 2   2         2 2 2 2           2 2 6 6 6 6 6 6 6 6 6 6 6 
1 1 1 1         1 1 1 1     8 8 8 8 8 8 8       8       8 8 8 8       8 8 8 2 6 6 6 6 6 6 6 6 6 6 6 
1 1 1 1         1 1 1 1     8 8 8 8 8 8 8       8       8 8 8 8       8 8 8 2 6 6 6 6 6 6 6 6 6 6 6 
1 1 1 1         1 1 1 1     8 8 8 8 8 8 8       8       8 8 8 8       8 8 8 8 6 6 6 6 6 6 6 6 6 6 6 
1 1 1 1         1 1 1 1     8 8 8 8 8 8 8       8       8 8 8 8       8 8 8 8 6 6 6 6 6 6 6 6 6 6 6 
1 1 1 1         1 1 1 1     8 8 8 8 8 8 8       8       8 8 8 8       8 8 8 6 6 6 6 6 6 6 6 6 6 6 6 
1 1 1         1 1 1 1       8 8 8 8 8 8 8       8       8 8 8 8       8 8 8 6 6 6 6 6 6 6 6 6 6 6 6 
1 1 1         1 1 1 1       8 8 8 8 8 8 8       8       8 8 8 8       8 8 8   6 6 6 6 6 6 6 6 6 6 6 
1 1 1         1 1 1 1       8 8 8 8 8 8 8       8       8 8 8 8       8 8 8 7 7 6 6 6 6 6 6 6 6 6 6 
1 1 1         1 1 1 1       8 8 8 8 8 8 8 8       8       8 8 8 8       8 7 7 7 7 6 6 6 6 6 6 6 6 6 
1 1 1         1 1 1 1       8 8 8 8 8 8 8 8       8       8 8 8 8       7 7 7 7 7 7 6 6 6 6 6 6 6 6 
1 1 1         1 1 1 1       8 8 8 8 8 8 8 8       8       8 8 8 8       8 7 7 7 7 7 7 7 6 6 6 6 6 6 
1 1         1 1 1 1       1 8 8 8 8 8 8 8 8       8       8 8 8 8         7 7 7 7 7 7 7 7   6 6 6 6 
1 9 9 9 9 9 9 9 9 1       1 8 8 8 8 8 8 8 8       8       8 8 8 8     3   7 7 7 7 7 7 7       7 7 6 
9 9 9 9 9 9 9 9 9 9       1 8 8 8 8 8 8 8 8       8       8 8 8 8   3 3     7 7 7 7 7       7 7     
9 9 9 9 9 9 9 9 9 9       1 8 8 8 8 8 8 8 8       8       8 8 3 3 3 3 3 3 7 7 7 7 7 7     7 7       
9 9 9 9 9 9 9 9 9 9         8 8 8 8 8 8 8 8       8           3 3 3 3 3 3     7 7 7     7 7 7     7 
9 9 9 9 9 9 9 9 9 9       8 8 8 8 8 8 8 8 8 8       8 3 3       3 3 3 3 3 3 7 7 7       7 7     7 7 
9 9 9 9 9 9 9 9 9 9         8 8 8 8 8 8 8 8 8         3 3       3 3 3 3 3 3   7       7 7       7 7 
9 9 9 9 9 9 9 9 9 9         8 8 8 8 8 8 8 8 8         3 3       3 3 3 3 3 3 7 7     7 7       7 7 7 
9 9 9 9 9 9 9 9 9 9       8 8 8 8 8 8 8 8 8 8   3       3 3       3 3 3 3 3 3     7 7       7 7 7 7 
9 9 9 9 9 9 9 9 9 9         8 8 8 8 8 8 8 8 8 3 3       3 3       3 3 3 3 3 3     7 7     7 7 7 7 7 

